-0.213831
-0.207083
-0.212454
-0.198394
-0.186552
-0.175714
-0.167358
-0.162031
-0.159632
-0.160502
-0.162982
-0.163056
-0.153199
-0.129026
-0.0925951
-0.0374191
0.0285771
0.0886071
0.12918
0.145731
0.135968
0.104711
0.0605873
0.0130903
-0.0294083
-0.060915
-0.0785739
-0.0824423
-0.0747467
-0.0589853
-0.0390495
-0.014112
-0.00902564
0.0111889
0.0161472
0.020205
0.0172324
0.011263
0.00210281
-0.00523848
-0.0164213
-0.023995
-0.0308
-0.0328461
-0.0350462
-0.0323843
-0.0291592
-0.0232023
-0.0177076
-0.0116227
-0.00880876
-0.00401355
-0.00368363
-0.00272549
-0.00591754
-0.00819722
-0.0137643
-0.0172371
-0.0214391
-0.033373
-0.0254664
-0.0354164
-0.0212584
-0.0317284
-0.011218
-0.0287022
-0.0119834
-0.0257743
-0.00115595
-0.0262294
0.0105541
-0.0367082
0.0273599
-0.0636409
0.0528243
-0.114197
0.102327
-0.207028
0.208768
-0.373309
0.437632
-0.669774
0.862715
-0.999999
0.999999
-0.999999
0.999999
-0.999999
0.834512
-0.999999
0.531443
-0.999999
0.0591102
-0.999999
-0.440334
-0.999999
-0.962179
-0.999999
-0.999999
-0.813249
-0.601958
-0.447544
-0.230258
-0.0272557
0.257588
0.488403
0.543963
0.806587
0.760808
0.999999
0.999999
0.999999
0.752585
0.591682
0.41075
0.280181
0.159239
0.114246
-0.999999
0.482288
-0.7219
-0.158227
-0.862459
-0.999999
-0.999999
-0.999999
-0.999999
-0.999999
-0.999999
-0.999999
-0.999999
-0.999999
-0.999999
0.852623
0.999999
0.999999
0.999999
0.999999
0.999999
0.955112
0.999999
0.999999
0.999999
0.999999
0.999999
0.999999
