-0.225917
-0.222701
-0.219722
-0.217219
-0.215312
-0.213855
-0.212328
-0.209385
-0.203438
-0.192209
-0.173147
-0.143268
-0.099979
-0.0433429
0.0243381
0.0977459
0.170058
0.226278
0.256686
0.255292
0.22121
0.167122
0.0904513
-0.00573653
-0.0923188
-0.159837
-0.201041
-0.213574
-0.203681
-0.169094
-0.119387
-0.0627435
0.00182786
0.0506876
0.0866485
0.104253
0.110184
0.100916
0.0797343
0.0504595
0.0229462
-0.0185912
-0.0423712
-0.0694099
-0.0864277
-0.0950129
-0.0942674
-0.085357
-0.0694052
-0.0490981
-0.0268186
-0.00510959
0.0138773
0.0283975
0.0372947
0.0366728
0.0355233
0.0289451
0.0174743
0.003248
-0.012682
-0.0285429
-0.0496558
-0.0542197
-0.0647727
-0.0644302
-0.0629
-0.0551252
-0.043802
-0.0327665
-0.0237167
-0.0113095
-0.00379083
0.00109893
0.0046288
0.00303029
0.000111569
-0.00783247
-0.0170577
-0.0255584
-0.0407018
-0.0469793
-0.0551872
-0.0617305
-0.0705005
-0.0666306
-0.0679765
-0.0621785
-0.0667213
-0.0532347
-0.0528121
-0.0461286
-0.0457871
-0.0451622
-0.0485071
-0.0495491
-0.059859
-0.065358
-0.081416
-0.0889054
-0.103244
-0.108332
-0.119097
-0.121233
-0.123893
-0.123022
-0.121799
-0.118844
-0.113872
-0.110899
-0.10098
-0.0970234
-0.0825592
-0.0804918
-0.074568
-0.0681975
-0.0633335
-0.0600516
-0.0570452
-0.0533241
-0.0517953
-0.0486431
-0.0466247
-0.0454904
-0.0434836
-0.0479873
-0.039992
-0.0408052
-0.0332097
-0.0310773
-0.0295503
-0.0245001
-0.0209225
-0.0108973
-0.014105
-0.00915266
-0.0125704
-0.0119897
-0.0153743
-0.0144248
-0.0193504
-0.0196337
-0.0239402
-0.0246179
-0.0264307
-0.0263403
-0.0257598
-0.0241373
-0.0322545
-0.019494
-0.0212981
-0.0088183
-0.00532458
-0.00867766
0.0063892
0.00809568
0.01859
0.0203407
0.0245276
0.0243677
0.0232183
0.011218
0.0127124
0.00258161
0.00174044
-0.00792161
-0.024328
-0.0211385
-0.0283084
-0.0255971
-0.0271228
-0.0231304
-0.0225093
-0.034205
-0.0151437
-0.0198321
-0.00655238
-0.00985829
-0.00657218
-0.012824
-0.0188768
-0.0376261
-0.0402405
-0.0607057
-0.0690147
-0.0872948
-0.0947218
-0.124381
-0.142103
-0.183979
-0.197631
-0.245611
-0.234984
-0.289496
-0.272794
-0.281683
-0.256419
-0.251112
-0.198838
-0.166979
-0.107087
-0.0700448
-0.0365505
0.00796281
0.0313248
0.0454626
0.0511298
0.049248
0.05656
0.0276316
0.00904151
-0.00392034
-0.0445882
-0.0630161
-0.0891439
-0.0957475
-0.0986633
-0.08691
-0.0651163
-0.0309919
0.0199504
0.0569456
0.0879003
0.136796
0.173817
0.204359
0.240593
0.246636
0.284225
0.283169
0.295117
0.29892
0.290479
0.27047
0.246656
0.19816
0.152565
0.112151
0.0494261
0.00714482
-0.0387565
-0.0580897
-0.0872984
-0.0845931
-0.087117
-0.0736331
-0.0555235
-0.0307985
-0.00569857
0.0121705
0.0351777
0.0499188
0.0559466
0.0574513
0.0366199
0.0343055
0.00327604
-0.0187031
-0.0566745
-0.0785827
-0.122992
-0.148198
-0.159188
-0.19365
-0.205797
-0.22551
-0.229843
-0.237826
-0.234403
-0.22884
-0.212256
-0.198267
-0.171885
-0.150944
-0.122217
-0.098079
-0.0732332
-0.0612184
-0.0433387
-0.0378925
-0.0348681
-0.0427977
-0.0482194
-0.0630353
-0.0727989
-0.086156
-0.0910006
-0.100912
-0.101602
-0.102695
-0.0979817
-0.0908217
-0.0798769
-0.0705549
-0.0596598
-0.0552146
-0.0445435
-0.0419364
-0.0389123
-0.0392884
-0.0406486
-0.0447623
-0.048815
-0.0534137
-0.0553019
-0.058607
-0.0585515
-0.0585246
-0.0556969
-0.0518638
-0.046314
-0.0402089
-0.0335181
-0.0287888
-0.0215259
-0.0181486
-0.0129217
-0.0114342
-0.0101569
-0.0107098
-0.0128561
-0.0159733
-0.020639
-0.022524
-0.026183
-0.0277875
-0.0297806
-0.0299156
-0.0329122
-0.0305398
-0.0302195
-0.0266118
-0.0240999
-0.0198702
-0.0165007
-0.0126299
-0.00957976
-0.00744877
-0.00517772
-0.00471294
-0.00824335
-0.00662115
-0.00983157
-0.00606434
-0.0122268
-0.0112772
-0.0168058
-0.0194139
-0.0222868
-0.0238977
-0.025022
-0.0248693
-0.0242738
-0.0245352
-0.020051
-0.0177449
-0.013129
-0.0112681
-0.00699981
-0.00655254
-0.00439448
-0.00527387
-0.00550929
-0.00801438
-0.0102222
-0.0138464
-0.0171139
-0.0208086
-0.0229015
-0.0262711
-0.0299307
-0.0283827
-0.0286064
-0.026279
-0.0241099
-0.0208979
-0.024154
-0.0162937
-0.0174618
-0.0116564
-0.0121957
-0.00795902
-0.0114357
-0.0112522
-0.0166219
-0.0202238
-0.0269843
-0.0321511
-0.0369659
-0.0430765
-0.0469445
-0.0496071
-0.0519845
-0.0521115
-0.0485294
-0.0466166
-0.0416011
-0.0413641
-0.0346878
-0.033032
-0.0379147
-0.0326833
-0.0378924
-0.0396554
-0.0483718
-0.0533038
-0.065903
-0.0707527
-0.0843951
-0.0890718
