-0.225396
-0.22315
-0.22298
-0.219323
-0.215978
-0.212706
-0.209729
-0.207162
-0.205044
-0.203251
-0.201256
-0.197891
-0.192057
-0.181057
-0.161516
-0.131733
-0.0888838
-0.0331537
0.0325756
0.10239
0.168735
0.217074
0.240105
0.232415
0.194214
0.122393
0.0483943
-0.0310425
-0.101602
-0.157582
-0.183172
-0.18583
-0.166454
-0.134903
-0.0895809
-0.0324861
0.00695311
0.0454612
0.0720535
0.0855995
0.0851661
0.0755009
0.0556044
0.030013
0.00181703
-0.026038
-0.0501984
-0.0684793
-0.0794021
-0.0824248
-0.0791309
-0.0690248
-0.0539829
-0.0358094
-0.0169521
0.000618994
0.0151075
0.0228793
0.0297594
0.0254249
0.0237358
0.0166509
0.00624448
-0.00601131
-0.0190442
-0.0314745
-0.0393245
-0.0564822
-0.055328
-0.0586383
-0.0522161
-0.0462579
-0.0363859
-0.026334
-0.0161401
-0.00778564
-0.00335572
0.0013519
0.000743663
-0.00175392
-0.00657388
-0.0152937
-0.0247783
-0.0326901
-0.0451022
-0.0538921
-0.0590775
-0.0619867
-0.0640081
-0.0670243
-0.058975
-0.0563092
-0.0571081
-0.0461487
-0.0434417
-0.0373332
-0.0386063
-0.038937
-0.0456366
-0.0492996
-0.0587505
-0.0703161
-0.0828381
-0.0936937
-0.105631
-0.111711
-0.122741
-0.120382
-0.125771
-0.118655
-0.11959
-0.111392
-0.109019
-0.104793
-0.0973402
-0.0921727
-0.0811088
-0.0810432
-0.0766589
-0.0738346
-0.069362
-0.0683182
-0.0639212
-0.0629265
-0.0584401
-0.0552886
-0.0518506
-0.0466997
-0.043564
-0.0470756
-0.0360248
-0.035675
-0.026513
-0.0263849
-0.0237149
-0.0197156
-0.0185223
-0.0153939
-0.00936344
-0.0140094
-0.0123582
-0.0177355
-0.0187976
-0.0228639
-0.021283
-0.0264949
-0.0249551
-0.0281259
-0.0259166
-0.026609
-0.0230721
-0.0211947
-0.0293634
-0.015494
-0.016196
-0.00574028
-0.001621
-0.00520114
0.00700604
0.0082179
0.0171623
0.0165598
0.0221322
0.0193011
0.0201568
0.0048216
0.00989269
-0.00103431
-0.000802654
-0.0095544
-0.0248954
-0.0183869
-0.0269747
-0.0199631
-0.0227185
-0.0157361
-0.0168062
-0.0301517
-0.00954631
-0.0173885
-0.00217905
-0.00906193
-0.00299607
-0.0148288
-0.0171356
-0.044646
-0.036346
-0.0634443
-0.0675904
-0.0966118
-0.0866419
-0.116025
-0.131995
-0.170737
-0.183358
-0.232069
-0.220608
-0.282495
-0.267093
-0.285761
-0.26197
-0.257908
-0.216939
-0.181316
-0.124462
-0.0850006
-0.0384046
0.00102733
0.0232414
0.0448689
0.0519775
0.0511548
0.0642901
0.0262817
0.0141515
-0.00453585
-0.0442293
-0.065539
-0.0926375
-0.0964051
-0.105607
-0.0886208
-0.0771033
-0.0368874
0.0258159
0.0434365
0.100384
0.116023
0.176321
0.185981
0.239019
0.240467
0.266363
0.270009
0.278793
0.28808
0.28714
0.272999
0.255568
0.21331
0.171945
0.117591
0.0659097
0.0288729
-0.0240278
-0.0523125
-0.0805499
-0.0800303
-0.0890543
-0.0725528
-0.059624
-0.0393913
-0.0130292
0.00305344
0.0280317
0.0435969
0.0551527
0.0543806
0.0497204
0.0233537
0.0109269
-0.0164823
-0.0481209
-0.0833973
-0.107695
-0.148271
-0.154934
-0.185557
-0.199393
-0.217592
-0.223646
-0.232437
-0.231655
-0.226321
-0.214813
-0.200234
-0.180925
-0.15048
-0.137718
-0.103781
-0.0857401
-0.0611064
-0.0558422
-0.0369678
-0.0401692
-0.0390204
-0.0486894
-0.0582293
-0.0711749
-0.0814613
-0.0891714
-0.0972211
-0.10016
-0.100951
-0.0979766
-0.090816
-0.0808146
-0.0716796
-0.061142
-0.0571108
-0.0459708
-0.0436541
-0.0395276
-0.0412541
-0.0417533
-0.0460298
-0.0497139
-0.0545971
-0.0570628
-0.0594374
-0.0590448
-0.0588296
-0.0545031
-0.0524478
-0.0451249
-0.0402518
-0.0324965
-0.026906
-0.0221636
-0.0174614
-0.0137303
-0.0117261
-0.0113128
-0.0118827
-0.0142218
-0.0164815
-0.0234405
-0.0233331
-0.0283114
-0.0275567
-0.0307072
-0.0291855
-0.0323263
-0.0290314
-0.0291391
-0.0256933
-0.022421
-0.0189351
-0.0165067
-0.0125543
-0.0107567
-0.00756507
-0.00733664
-0.0057122
-0.0069083
-0.0108453
-0.0101103
-0.0135956
-0.00879532
-0.0157207
-0.0138002
-0.020244
-0.0189621
-0.0230822
-0.0217133
-0.023457
-0.0215541
-0.0240237
-0.019208
-0.0184697
-0.0136107
-0.0118515
-0.00883991
-0.00691379
-0.00644195
-0.00597219
-0.00720177
-0.00817764
-0.0110663
-0.0133829
-0.0168843
-0.0196407
-0.0227103
-0.0240849
-0.0264815
-0.0293442
-0.0267464
-0.0266343
-0.0229393
-0.0219569
-0.0176368
-0.0226609
-0.0145082
-0.0162147
-0.0107036
-0.0123854
-0.00814314
-0.0125842
-0.0127814
-0.017735
-0.0218012
-0.0283614
-0.0315378
-0.0390026
-0.0423023
-0.0474947
-0.049098
-0.0507685
-0.051663
-0.04666
-0.0441893
-0.0387221
