-0.226384
-0.224509
-0.224306
-0.221647
-0.219222
-0.216764
-0.214523
-0.212562
-0.210906
-0.209441
-0.207746
-0.204911
-0.199508
-0.190557
-0.174656
-0.150167
-0.114005
-0.0655473
-0.004982
0.0643062
0.135699
0.197978
0.243756
0.261371
0.247843
0.210505
0.14573
0.0625889
-0.0267889
-0.10894
-0.172173
-0.209223
-0.219317
-0.208445
-0.173136
-0.122223
-0.0639542
-0.00642759
0.0438327
0.0819254
0.102047
0.110769
0.104345
0.0855176
0.0578022
0.0243538
-0.0102108
-0.0362665
-0.0640598
-0.0832229
-0.0940434
-0.0957303
-0.0890449
-0.0749508
-0.0558622
-0.0340868
-0.0121232
0.00781416
0.0238975
0.0312406
0.0381491
0.0374027
0.0320995
0.0243562
0.0106287
-0.00437945
-0.0207158
-0.0423692
-0.0522016
-0.062478
-0.0657162
-0.0654876
-0.0587076
-0.0532741
-0.0414857
-0.0308805
-0.0220862
-0.0107094
-0.00370997
0.00168964
0.00238193
0.00143427
-0.00409059
-0.0117525
-0.0192781
-0.0325141
-0.0399735
-0.0481166
-0.0568135
-0.0663022
-0.0663046
-0.068632
-0.0668619
-0.0717641
-0.0630525
-0.061326
-0.0553917
-0.0540562
-0.0526249
-0.05391
-0.0525385
-0.058904
-0.0680466
-0.0746469
-0.0829878
-0.0939744
-0.101674
-0.10956
-0.115804
-0.118982
-0.121135
-0.12242
-0.121537
-0.122389
-0.11479
-0.111508
-0.101146
-0.0904734
-0.0856289
-0.0769112
-0.0690144
-0.0615221
-0.0571228
-0.051894
-0.0475893
-0.045374
-0.0425281
-0.0411312
-0.0408986
-0.0405759
-0.0460797
-0.0410515
-0.0414968
-0.0368351
-0.0344976
-0.0353325
-0.0282871
-0.025804
-0.0156686
-0.0162491
-0.0113266
-0.0120989
-0.0109299
-0.0126422
-0.0109071
-0.0142241
-0.0156175
-0.0189885
-0.0203497
-0.0233163
-0.0242058
-0.0249451
-0.0244557
-0.0334048
-0.0230991
-0.0220527
-0.0124634
-0.00686761
-0.0109408
0.0045519
0.00712738
0.0176615
0.0191163
0.0255315
0.0248744
0.01646
0.0183595
0.0120471
0.00853674
0.00151878
-0.00410605
-0.0216747
-0.0193458
-0.0276935
-0.0257957
-0.0281917
-0.0257567
-0.0249393
-0.0370753
-0.0196101
-0.0210728
-0.0119938
-0.0112929
-0.0107933
-0.0135737
-0.0203478
-0.0350685
-0.0365667
-0.0547596
-0.0682319
-0.0806429
-0.0952395
-0.122527
-0.153841
-0.179769
-0.207397
-0.245198
-0.252861
-0.289263
-0.282597
-0.279208
-0.261289
-0.238431
-0.194141
-0.164922
-0.104615
-0.067646
-0.0220477
0.00269274
0.0383712
0.0432268
0.0559156
0.0465923
0.0550455
0.0251648
0.00629377
-0.00737257
-0.0456254
-0.0645127
-0.0824676
-0.0944781
-0.0937994
-0.0827314
-0.0657994
-0.0315204
0.0233216
0.0479067
0.0982598
0.12317
0.177098
0.207937
0.244553
0.248027
0.289667
0.288615
0.305723
0.301872
0.296532
0.270792
0.237465
0.201944
0.145003
0.0950277
0.0372902
0.00488927
-0.0456911
-0.0690666
-0.085958
-0.0903608
-0.0861456
-0.0724603
-0.0572022
-0.0302529
-0.00632964
0.0127296
0.0351479
0.0506324
0.0565908
0.0584683
0.0391656
0.0307916
0.00226982
-0.015543
-0.0554612
-0.0865036
-0.115239
-0.15192
-0.164077
-0.198814
-0.206379
-0.229931
-0.235149
-0.23982
-0.238403
-0.2273
-0.216767
-0.196843
-0.173851
-0.141834
-0.12676
-0.0926546
-0.0744146
-0.0541602
-0.0405809
-0.0351637
-0.0322902
-0.04027
-0.0491258
-0.0630813
-0.0711563
-0.0863918
-0.093711
-0.102305
-0.104361
-0.104597
-0.0997876
-0.0909727
-0.0818675
-0.0736618
-0.0616768
-0.0543209
-0.047042
-0.040647
-0.0381845
-0.0372586
-0.038781
-0.0421398
-0.0451949
-0.050171
-0.0531931
-0.0556379
-0.0575872
-0.0577875
-0.0566131
-0.0533745
-0.0489403
-0.0431935
-0.0386771
-0.0308973
-0.0253596
-0.021329
-0.0151638
-0.0123592
-0.00967682
-0.00946095
-0.0105203
-0.013064
-0.0178952
-0.0186876
-0.0231792
-0.0249776
-0.0279975
-0.0292343
-0.0326998
-0.0319253
-0.0320808
-0.0288661
-0.0267883
-0.0226327
-0.0201703
-0.0152782
-0.0119496
-0.00793678
-0.00555851
-0.00411793
-0.00645006
-0.00464951
-0.00692311
-0.00360189
-0.00914661
-0.00915907
-0.0145439
-0.0183472
-0.0216245
-0.023596
-0.025988
-0.0264466
-0.0287617
-0.0251301
-0.0243283
-0.0194935
-0.0163305
-0.0127851
-0.00872238
-0.00676454
-0.00429659
-0.0038911
-0.00389361
-0.00538505
-0.00751753
-0.0107872
-0.0133481
-0.0178601
-0.0211998
-0.0239572
-0.0295674
-0.0286218
-0.0301611
-0.0283744
-0.027147
-0.0242106
-0.0273027
-0.0197594
-0.0199081
-0.0139809
-0.0137768
-0.00845962
-0.0103791
-0.0100164
-0.0139315
-0.016232
-0.0226226
-0.0275051
-0.0325491
-0.0391089
-0.0440186
-0.0486826
-0.0506807
-0.053922
-0.0506102
